5491160364092
5491162795113
5491167247416
5491167260016
5491168193523
5491168591069
5492215220917
5492216020465
5492216261842
5492236512015
5492613614684
5493413182751
5493535666410
5491123379986
5491132916408
5491133837308
5491134047345
5491135708309
5491137561123
5491138063696
5491138615408
5491155033933
5491157266489
5491157381705
5491157715792
5491158330442
5491162354904
5491164459439
5491168174445
5491173608418
5492615906467
5492944168768
5493517618898
5493764556112
5493814440733
5493815392681
5491121777141
5491123086443
5491130174522
5491132682331
5491133231280
5491135239438
5491136129413
5491141792938
5491150018380
5491150351009
5491150503819
5491152614278
5491153231155
5491156932578
5491166717535
5492215313095
5492215931216
5492236178858
5492314405213
5492364309553
5492617141975
5492901566613
5493416875588
5493425229736
5493462533607
5493498406392
5493513245627
5493583400261
5493704551592
5493814066755
5493815125090
5493855823504
5493885706943
5493888600979
5491149758093
5491124061589
5491131311531
5491135940830
5491136380835
5491137768732
5491139192713
5491149978785
5491151159072
5491153122763
5491160002165
5491161741432
5491162571283
5491165327354
5491166840932
5491167023123
5492473461579
5492634876432
5493364349675
5493512232961
5493816164555
5493834594496
5493876444927
5491121880529
5491123147577
5491123801711
5491124581204
5491124695621
5491126219838
5491131467330
5491133305744
5491133865869
5491133913028
5491137837027
5491137889595
5491137968036
5491138234589
5491138655861
5491144182544
5491153691421
5491156478043
5491156951220
5491157283054
5491160214880
5491160589520
5491161260972
5491161799452
5491162147059
5491163615257
5491166863202
5491168200049
5491168901091
